121325426323542412134412222563763214173242535453232325612225164551127635723772145575536566417713247311545541175727733552452212441523653523523
231216223351264655141552632132146473161357374264732366771212156625436662643364737431521763213145311617777525575176251125412656265156636352432
255435624536215242455255274127151752475473257313426654415761317568425352264846453367673257227477673421453656366237631536651114522326245456615
344331433555112552532552441246721161524725237132172162473256673465755557232328644654572412153231541264466241774431162777355546362533344542421
525434363526162414614511663416111745537123243145613227283763543465788327456326856852866874124527274332336777363327232541433222231612255241612
352235344252142631232127357265376676254615135133242727833447765382324487438778656255478645828762521474722353742357252641751351141543313223632
235365554564642142213252263132372377425544636553542833456273556476758848377428287838746647527425711117252167121757242425125161251113264443626
165425632552555165372613266166327523222655423886342562537544327574724656766642523836564685768736434166164652735551562516455571412531311465335
121531436312116267461622426412334716376556665774834833357383344676667323322748475835558366425878324331212135566154435674513154235616216163653
454344321515415445647672543161512554212387736754464372857823786875252667875673864352686688388833573228427444421467132524723143512135562244526
613226242114623136313663545543152317753778652442275543868435823455584488773643782734268233428646834523476537544571432233243333612245253454624
161334323365467755255722513257555111247447826333235664636475334363246553548854742324663775673776676673782743363512746613324113561464351562433
551242656566236736277377461266667667558658874288565746376546236587353778774373782475282584848426676678373323242726212443546316455635653155436
336214616613325457172215621734164865282833245743578454544644268255423686363442453522542852382684442285543288741155321351577752531474223533221
144344123531637514434312127552563257522557774874344644854364727668743855485536325723282665758742642538662557482455224675736631163331511422142
336351626524131641554261754317638358738826684428323377423622538523375362228223672787457562836347625764576734457587474766475747516372652566231
612513241543725162327454351625436332668668856233758464376282784356685584657874346444277467466588865736667748646588425753462255337344555365446
366424126763222316745161123522677374645733584275462735334644344554593365885387847566528547447664424874685455268367223311761364165627461121446
356311142447474655364457372563887674634575568383426367898359693768789377693745759643487776846625334828753572877373875176522444431252331224422
425424324567624576122615622276325327742576743837356844644479575844967796477573537793985633434477625458353733673643674141773331632656722223463
621254765663163614457635662333844655438234278424844747388633859993586587574799568538737743853325275665367223662268284723456517574235121566532
